A 816450 332209 3.5 3.5 4.0
A 725577 336193 3.5 3.0 3.5
A 186669 212040 4.0 3.0 5.0
A 813636 853287 4.5 3.5 3.5
A 326080 480365 2.0 5.0 3.5
A 522793 178682 4.0 2.0 4.0
A 131943 797297 3.0 2.0 5.0
A 117113 992577 4.0 5.0 5.0
A 409404 392490 3.5 5.0 4.0
A 779649 830061 4.5 3.5 3.5
A 259786 904318 2.0 3.5 3.0
A 898112 738950 5.0 3.5 3.5
A 112341 789896 3.0 3.0 5.0
A 837287 967378 3.5 4.0 3.0
A 202210 663813 4.5 4.0 4.0
A 789915 766248 3.0 5.0 5.0
A 932816 404752 2.0 4.0 2.0
A 430028 331120 4.0 2.0 4.5
A 197967 884124 4.0 5.0 4.5
A 045897 783661 2.0 5.0 4.0
A 551853 363475 3.5 4.5 5.0
A 462918 675119 4.0 4.0 4.5
A 562979 849201 5.0 4.0 5.0
A 907804 249692 3.0 5.0 4.5
A 484959 617544 5.0 3.0 2.0
A 653202 780596 4.0 3.5 2.0
A 520633 273225 4.0 4.5 4.0
A 471647 348765 3.5 5.0 4.5
A 707665 353341 3.5 4.0 5.0
A 102038 406409 3.5 4.0 5.0
A 031656 482976 2.0 4.5 3.5
A 994221 900686 3.5 3.5 3.5
A 153039 688263 5.0 4.5 4.0
A 177064 501287 3.5 3.5 5.0
A 482976 773511 2.0 4.5 4.5
A 344131 616678 5.0 3.5 2.0
A 969096 823136 4.5 3.0 5.0
A 277181 692912 2.0 3.0 3.0
A 197107 514700 4.5 4.5 2.0
A 424895 349069 2.0 2.0 3.5
A 032385 236387 5.0 4.0 4.5
A 213199 488754 3.0 4.5 4.5
A 170951 256829 4.5 5.0 2.0
A 867742 588065 4.0 4.0 2.0
A 867637 424830 5.0 5.0 3.0
A 551362 716849 5.0 4.0 5.0
A 735374 262809 4.0 3.0 4.5
A 127504 114295 3.0 2.0 5.0
A 307292 228045 4.0 5.0 4.5
A 193516 638760 4.0 5.0 3.5
A 898948 344424 4.5 2.0 2.0
A 900485 918626 3.0 3.0 4.5
A 609125 703176 4.0 3.0 5.0
A 166662 853348 5.0 3.5 4.5
A 826527 989627 4.0 2.0 4.0
A 944112 982830 4.0 4.0 3.0
A 283277 660743 4.0 3.5 4.0
A 684037 729881 3.5 3.5 4.5
A 348846 154176 5.0 4.0 5.0
A 207009 188154 3.5 3.5 3.5
A 189353 400284 2.0 4.0 2.0
A 101611 266606 2.0 4.5 4.5
A 725494 259370 2.0 4.0 5.0
A 751816 866389 5.0 5.0 4.0
A 048469 900524 4.0 3.5 3.5
A 500890 993570 2.0 4.0 2.0
A 970771 936757 4.0 5.0 3.0
A 570996 691624 4.0 3.5 5.0
A 904172 986304 4.5 4.5 4.0
A 786068 733161 4.5 4.0 4.0
A 199725 820302 4.5 3.5 4.5
A 330263 448683 3.5 4.5 3.5
A 084801 915677 4.0 4.0 3.5
A 796304 335134 4.0 4.5 4.0
A 771353 537106 5.0 3.0 3.0
A 202878 170287 4.5 4.5 3.0
A 260429 187595 3.0 4.5 3.0
A 762482 429729 3.5 3.5 4.5
A 855549 109730 4.0 4.5 4.5
A 277619 496952 3.5 5.0 3.5
A 643898 425562 5.0 3.0 5.0
A 096881 756309 4.5 4.0 5.0
A 170516 237195 4.5 4.0 3.5
A 833675 879148 2.0 5.0 4.5
A 827463 378352 4.5 3.5 3.5
A 752574 400918 4.5 5.0 4.5
A 340710 451502 3.5 4.0 2.0
A 121486 891998 5.0 3.5 4.0
A 781925 647198 4.0 4.0 3.0
A 591166 254781 3.5 5.0 5.0
A 985910 608562 4.0 3.0 3.0
A 826041 256543 2.0 4.0 4.5
A 474486 488236 4.0 5.0 2.0
A 079814 571629 4.0 4.0 2.0
A 069894 619441 4.0 5.0 5.0
A 595218 229525 3.0 2.0 2.0
A 675251 316259 4.5 2.0 2.0
A 238911 437515 3.0 2.0 3.5
A 969141 319235 4.0 3.5 3.5
A 982286 991712 2.0 3.5 5.0
A 383116 852197 4.5 3.0 4.5
A 433691 624788 4.0 3.0 4.0
A 153236 312077 4.5 5.0 2.0
A 809040 802890 2.0 5.0 3.0
A 575519 928611 2.0 3.0 3.0
A 333694 807043 5.0 3.0 2.0
A 625415 518452 5.0 4.5 5.0
A 038410 413707 4.0 3.5 3.5
A 239906 462466 5.0 4.5 5.0
A 101322 557331 2.0 5.0 3.5
A 284613 670305 5.0 3.0 4.5
A 485102 953174 3.5 3.5 4.0
A 458187 997895 2.0 4.5 3.5
A 675994 973877 3.0 2.0 3.5
A 083757 772713 5.0 4.0 4.5
A 518869 983437 4.5 5.0 3.0
A 231712 449497 4.0 4.0 2.0
A 218576 550999 3.0 3.0 4.0
A 026794 333965 3.0 3.0 4.5
A 782801 972497 5.0 4.5 3.0
A 908646 689900 4.5 2.0 5.0
A 613829 508998 3.0 4.5 2.0
A 188889 383295 3.0 3.5 4.5
A 369961 301960 5.0 5.0 5.0
A 689743 645145 2.0 3.5 4.5
A 204223 776132 3.5 3.5 5.0
A 342267 852421 3.0 3.5 5.0
A 024404 692843 5.0 4.0 2.0
A 670746 320335 3.5 4.5 3.5
A 738302 311986 4.5 4.5 2.0
A 504808 981163 3.5 5.0 3.0
A 213727 841969 4.5 3.0 4.5
A 307100 835509 4.0 5.0 5.0
A 867105 941521 2.0 3.5 4.0
A 552893 291133 3.0 5.0 4.0
A 532651 876952 4.5 2.0 4.0
A 354437 370472 3.0 4.0 3.0
A 051181 470823 2.0 5.0 4.0
A 704683 504109 5.0 5.0 3.5
A 543570 624320 2.0 4.0 3.5
A 527063 719515 4.5 4.5 2.0
A 172188 961807 2.0 2.0 2.0
A 314853 548846 4.0 2.0 4.0
A 399494 163009 4.0 5.0 3.5
A 737517 609761 2.0 4.5 5.0
A 305285 592047 4.0 4.0 3.5
A 016009 277645 2.0 4.5 3.5
A 018235 588333 4.5 2.0 3.0
A 663353 695781 4.5 4.0 4.5
A 308187 134014 3.5 2.0 5.0
A 473120 443526 3.5 4.5 5.0
A 122725 228759 3.5 4.5 4.0
A 826185 700376 2.0 4.5 3.0
A 064164 339341 5.0 3.5 4.5
A 861102 164403 3.5 3.5 4.5
A 958194 609604 3.0 2.0 3.5
A 071454 401097 5.0 3.5 5.0
A 996808 488432 5.0 2.0 4.5
A 983929 544663 2.0 4.0 2.0
A 919174 378705 3.5 3.5 2.0
A 748145 105481 4.5 5.0 4.5
A 241861 570672 3.0 2.0 4.0
A 857183 659566 2.0 3.0 2.0
A 617410 217728 4.5 5.0 4.5
A 314739 407408 3.5 3.5 4.5
A 081227 916587 4.5 4.5 5.0
A 329202 137336 5.0 2.0 4.5
A 703942 706218 5.0 4.0 5.0
A 780651 825631 5.0 3.0 4.0
A 051565 584074 3.5 3.5 3.5
A 581654 353448 2.0 5.0 3.0
A 994319 577386 3.0 2.0 3.0
A 933459 738756 3.5 4.0 4.0
A 677367 298313 4.0 4.5 2.0
A 384009 443031 3.5 4.0 5.0
A 825728 963624 4.5 5.0 5.0
A 852154 887647 3.5 3.0 4.0
A 387428 724242 3.5 4.0 3.0
A 172604 882369 4.0 4.0 4.0
A 650295 804205 3.5 4.5 2.0
A 265154 430191 3.0 2.0 2.0
A 780201 947266 5.0 3.5 2.0
A 544800 794303 4.0 3.5 2.0
A 804659 535895 3.5 3.0 3.5
A 895934 215341 4.0 2.0 3.5
A 267505 723799 5.0 4.5 3.5
A 253065 425622 3.0 4.0 4.0
A 690442 417551 2.0 5.0 4.5
A 586156 901428 3.5 5.0 3.5
A 904692 142778 4.0 3.5 5.0
A 539237 239107 4.0 2.0 5.0
A 656949 643496 4.5 3.0 3.5
A 374470 581361 4.5 3.5 3.0
A 183765 402076 2.0 2.0 3.0
A 746765 388550 3.0 3.0 4.5
A 822950 423875 2.0 3.0 3.0
A 425583 426501 3.5 4.5 2.0
A 571532 873276 4.5 4.0 4.5
A 621002 309990 3.0 2.0 3.5
A 095200 889869 3.0 3.0 3.0
A 133322 896899 5.0 4.0 2.0
A 121551 332182 4.5 3.0 4.5
A 836949 354191 4.5 5.0 4.5
A 288766 379966 3.5 5.0 4.0
A 672960 273423 5.0 5.0 3.5
A 588329 804457 3.0 3.0 4.5
A 327182 617709 3.5 3.5 2.0
A 146925 877049 3.5 3.0 4.0
A 550997 659300 5.0 3.5 4.5
A 064921 253158 5.0 2.0 3.0
A 370963 989925 3.5 3.5 3.5
A 692930 938778 4.0 4.5 3.5
A 625516 611138 5.0 2.0 2.0
A 497339 471881 4.0 5.0 2.0
A 934107 477135 3.5 3.5 4.5
A 926911 338146 2.0 3.5 3.5
A 083826 832143 5.0 3.5 3.5
A 922194 667021 3.0 3.5 4.0
A 064271 336760 5.0 4.5 3.5
A 585444 388385 3.0 5.0 3.5
A 098567 217712 3.0 5.0 5.0
A 124664 644151 3.0 4.0 2.0
A 628101 578394 4.5 3.0 3.0
A 846348 139379 4.0 2.0 5.0
A 381022 831978 4.0 4.0 3.0
A 373527 155682 3.5 4.5 4.5
A 845019 213855 5.0 4.5 4.0
A 274522 869987 2.0 5.0 3.5
A 344401 500845 3.0 5.0 2.0
A 041838 230229 3.0 3.0 4.0
A 974891 764303 5.0 5.0 4.5
A 320477 444839 3.0 4.5 3.5
A 592095 786277 3.5 4.0 4.5
A 005822 839456 3.0 2.0 2.0
A 008149 615960 4.5 5.0 2.0
A 595696 417870 3.0 5.0 4.0
A 270876 631791 2.0 3.0 3.0
A 286372 545533 5.0 3.0 4.5
A 087949 994078 4.5 2.0 4.5
A 123569 210806 5.0 2.0 5.0
A 677222 285070 3.5 3.5 3.0
A 938327 499949 4.5 5.0 3.5
A 503533 611071 4.5 4.0 3.0
A 294739 862539 4.5 2.0 4.0
A 040292 677744 3.0 5.0 4.5
A 712402 833465 2.0 4.0 5.0
A 197195 145821 4.0 4.0 5.0
A 327446 475867 4.5 3.5 3.5
A 218608 195952 2.0 3.5 5.0
A 742976 861321 5.0 4.5 5.0
A 925304 409298 4.5 4.5 3.5
A 468884 375474 4.5 3.0 4.0
A 973455 392489 4.0 3.5 4.5
A 067068 448176 2.0 4.5 3.0
A 132424 365680 5.0 4.0 4.0
A 175737 697704 5.0 3.0 3.0
A 181949 781673 3.0 5.0 3.5
A 266353 472985 5.0 2.0 5.0
A 063011 436926 3.5 4.5 3.0
A 667506 102919 5.0 4.0 4.0
A 523312 713721 2.0 3.0 4.0
A 530457 779282 4.0 3.0 5.0
A 061137 195064 2.0 4.0 3.0
A 096089 206176 5.0 4.5 3.0
A 919243 194845 4.0 4.0 2.0
A 993395 315966 2.0 3.5 2.0
A 604442 786298 4.0 2.0 4.5
A 746478 828024 3.0 3.5 2.0
A 539636 430964 3.0 3.5 5.0
A 903157 481287 5.0 4.5 3.5
A 718912 689991 5.0 5.0 5.0
A 764635 667855 5.0 3.0 4.0
A 922260 690138 3.0 4.5 4.5
A 005574 782336 5.0 3.0 4.0
A 687405 631430 5.0 2.0 4.0
A 168670 588688 4.0 5.0 3.0
A 821064 486952 4.5 3.5 5.0
A 618081 450265 2.0 4.5 5.0
A 084942 397248 4.5 3.0 3.5
A 017501 713566 5.0 3.5 5.0
A 535909 177557 5.0 3.0 5.0
A 379228 393125 4.0 4.0 3.0
A 852187 666596 3.0 4.0 3.0
A 936357 282401 3.5 4.0 4.0
A 227683 399386 4.0 5.0 4.0
A 829589 465841 3.5 3.0 4.5
A 682578 650620 3.5 4.0 2.0
A 408718 553532 3.5 3.0 4.0
A 902692 645940 3.5 4.0 3.5
A 295606 616813 5.0 5.0 4.5
A 922306 686132 3.0 4.5 3.0
A 093454 497957 3.0 2.0 4.5
A 136806 609799 4.0 3.5 4.5
A 139582 779271 4.0 4.0 5.0
A 451943 144434 2.0 3.0 4.5
A 426219 549174 3.0 4.5 4.5
A 009388 820341 5.0 3.5 5.0
A 178657 859288 4.0 2.0 3.5
A 297120 760257 3.0 4.5 4.0
A 077486 897368 2.0 3.0 3.0
A 624493 325719 5.0 4.5 4.5
A 009938 631639 2.0 2.0 4.0
A 743285 995712 4.0 5.0 3.0
A 645367 119875 4.0 4.0 4.0
A 685743 456641 3.5 4.0 4.5
A 336130 679526 4.0 2.0 3.0
A 952460 500515 2.0 4.5 4.0
A 539544 104793 4.5 4.0 4.5
A 791985 476851 4.0 4.5 3.5
A 152539 939796 2.0 5.0 4.5
A 571283 317294 5.0 5.0 3.0
A 659756 251481 3.5 4.5 2.0
A 989771 222276 4.5 4.5 4.0
A 444652 955807 4.0 3.5 3.5
A 891257 809734 4.0 4.0 4.5
A 328766 571589 2.0 3.0 3.5
A 097486 587089 4.0 4.0 3.0
A 775341 135443 4.0 5.0 4.5
A 352909 179372 4.5 3.0 2.0
A 127442 396510 5.0 3.5 4.5
A 136932 880510 2.0 2.0 4.5
A 022731 342862 3.0 4.5 5.0
A 040010 574613 4.5 5.0 4.5
A 169537 147574 4.5 4.0 4.0
A 581789 937446 5.0 5.0 4.0
A 979073 660283 4.0 5.0 2.0
A 337277 810315 3.5 3.5 5.0
A 314167 132036 5.0 3.0 4.5
A 930511 998510 4.0 4.0 2.0
A 471119 173550 5.0 4.0 2.0
A 705467 161574 3.5 3.0 4.0
A 246002 195869 3.5 5.0 4.0
A 208461 371200 4.5 4.5 5.0
A 056953 461321 4.0 4.5 2.0
A 124776 742897 5.0 3.0 3.0
A 471277 510381 2.0 2.0 3.0
A 687909 694599 5.0 4.0 5.0
A 450988 768722 4.0 2.0 3.0
A 523922 872964 2.0 3.5 3.0
A 967745 842642 2.0 3.0 2.0
A 335198 248150 5.0 4.0 5.0
A 904499 908264 4.0 5.0 4.5
A 361735 234539 2.0 2.0 4.5
A 568514 135259 5.0 4.0 3.0
A 619929 343578 5.0 3.5 3.0
A 417747 240311 2.0 3.0 4.0
A 713527 961875 5.0 3.0 2.0
A 631742 988273 4.0 4.5 3.0
A 759932 824924 5.0 5.0 5.0
A 116298 895668 2.0 3.5 4.0
A 274613 494433 4.0 4.0 5.0
A 435274 841250 3.5 5.0 4.5
A 484391 556866 2.0 5.0 2.0
A 120155 338992 2.0 2.0 4.0
A 769306 162145 3.0 3.5 2.0
A 126388 487716 4.5 4.0 4.5
A 617543 893846 5.0 2.0 3.0
A 385790 220720 3.5 4.0 3.5
A 136198 371842 3.5 3.5 4.5
A 115101 404571 4.0 2.0 4.0
A 758481 169786 3.5 2.0 2.0
A 239073 178371 3.5 5.0 3.5
A 017493 728750 3.0 4.5 4.5
A 984146 859499 2.0 5.0 2.0
A 444371 535612 3.5 3.5 4.0
A 335248 969263 5.0 3.5 4.0
A 607335 246021 2.0 2.0 4.0
A 119166 421747 3.5 4.5 3.0
A 141807 156806 3.0 2.0 3.0
A 317273 715593 3.0 2.0 3.0
A 170314 874638 4.0 2.0 5.0
A 514034 452368 5.0 3.0 3.0
A 312665 802266 4.0 3.5 4.0
A 415621 749032 5.0 4.0 4.0
A 181239 199002 5.0 3.5 4.5
A 785529 943096 2.0 4.0 5.0
A 894181 422234 5.0 2.0 5.0
A 962765 146703 4.5 3.5 3.5
A 669265 924210 3.0 3.0 3.0
A 857544 433925 4.5 2.0 5.0
A 222853 222563 3.0 4.5 3.5
A 207272 807606 4.5 2.0 3.0
A 677612 928787 5.0 2.0 4.0
A 807023 916788 3.0 3.5 5.0
A 395324 560277 5.0 4.5 3.5
A 393859 456429 3.0 4.0 3.0
A 868144 754906 5.0 4.5 3.0
A 953933 342648 5.0 3.5 2.0
A 103214 265444 2.0 3.5 4.5
A 960335 499067 4.0 3.5 5.0
A 288607 807491 4.0 5.0 3.5
A 084065 564804 3.5 2.0 2.0
A 326009 610511 4.5 5.0 3.0
A 354490 766317 5.0 2.0 5.0
A 490829 440673 5.0 3.0 3.5
A 011649 385732 4.0 3.5 5.0
A 176300 845690 4.0 3.5 3.5
A 957180 853919 4.5 4.5 4.5
A 024022 789031 3.5 3.5 4.5
A 666408 866576 4.5 3.5 4.0
A 648078 231124 3.5 2.0 3.5
A 362963 716795 3.5 4.0 5.0
A 905056 707117 3.5 5.0 2.0
A 892525 720772 5.0 4.5 4.5
A 851188 372819 2.0 5.0 4.0
A 207930 262380 2.0 3.0 5.0
A 146546 245964 3.0 2.0 4.5
A 308375 818800 3.5 3.5 3.5
A 924332 265797 4.5 4.0 4.5
A 147867 478335 4.5 4.0 3.0
A 286594 111063 5.0 4.0 4.0
A 474772 824873 3.0 4.5 3.5
A 754616 561566 4.5 3.5 4.5
A 850346 398292 3.0 4.5 4.5
A 359423 504918 5.0 5.0 3.0
A 774144 576782 4.5 3.5 4.0
A 249795 108155 4.5 2.0 3.0
A 361409 219624 5.0 3.5 3.5
A 081275 802753 5.0 4.0 5.0
A 200954 671669 5.0 4.0 3.0
A 167189 317695 2.0 4.5 4.5
A 227253 938744 2.0 2.0 5.0
A 126624 563232 4.0 3.5 4.5
A 610714 668790 4.0 2.0 5.0
A 377772 519657 5.0 3.0 5.0
A 109597 512038 5.0 4.5 3.0
A 473045 319409 3.0 3.0 3.0
A 412643 399283 4.5 3.5 4.0
A 987120 385551 3.5 3.0 5.0
A 583892 769020 3.5 2.0 3.5
A 997509 217751 4.0 4.5 3.0
A 140159 214354 5.0 5.0 4.5
A 466647 774988 3.5 3.0 3.5
A 519283 930608 2.0 4.0 4.5
A 027626 388255 3.0 4.5 3.5
A 205507 602900 3.0 4.0 4.0
A 038080 146558 4.0 2.0 5.0
A 684785 405564 3.5 3.5 3.0
A 126212 896769 3.5 5.0 4.5
A 054524 486950 5.0 5.0 2.0
A 073878 281931 2.0 4.0 2.0
A 001033 786416 3.0 4.0 3.0
A 477767 299620 3.0 3.0 2.0
A 853342 119326 4.0 4.0 4.5
A 799106 426972 2.0 4.0 4.0
A 924606 875391 5.0 3.0 3.5
A 419761 276155 4.0 3.0 5.0
A 634874 998486 4.5 4.5 3.0
A 357148 682630 3.0 5.0 3.5
A 204462 689909 3.5 3.5 5.0
A 734100 694491 4.5 3.5 2.0
A 650304 533149 4.0 2.0 2.0
A 307120 639647 4.0 3.5 4.0
A 080342 651519 4.0 3.0 2.0
A 447337 693728 5.0 4.0 3.5
A 483304 180008 3.0 4.5 5.0
A 780642 571294 4.5 3.5 3.5
A 493224 143396 3.5 4.5 3.5
A 645185 903402 3.5 4.5 5.0
A 585324 877507 3.0 2.0 3.5
A 458686 213018 2.0 3.5 2.0
A 542999 304210 2.0 5.0 5.0
A 933275 779974 4.0 5.0 5.0
A 437381 726083 4.5 2.0 4.0
A 205220 989705 3.5 3.0 2.0
A 912179 782473 4.5 5.0 2.0
A 616490 265371 5.0 2.0 4.5
A 705760 915391 4.0 5.0 5.0
A 884998 152525 2.0 4.0 5.0
A 598788 178294 4.5 2.0 2.0
A 888494 875384 5.0 4.0 2.0
A 563503 675107 3.5 3.5 2.0
A 598420 283220 5.0 3.0 5.0
A 815837 841889 4.0 4.5 3.0
A 140659 297653 2.0 2.0 4.0
A 153277 583082 2.0 3.0 5.0
A 772813 647613 4.5 3.0 3.5
A 601106 180888 5.0 4.5 4.0
A 252426 946103 5.0 3.0 5.0
A 793904 156763 4.0 4.5 3.0
A 058680 581988 5.0 3.5 5.0
A 783015 352824 5.0 3.5 4.5
A 720426 923099 5.0 3.0 4.5
A 471863 375663 4.5 4.0 2.0
A 679980 404343 3.0 5.0 3.5
A 178660 946585 2.0 5.0 2.0
A 500409 840806 4.5 4.0 4.5
A 401121 651263 3.0 4.5 5.0
A 149929 739517 5.0 2.0 4.0
A 710276 800481 5.0 3.0 4.5
A 445984 467437 5.0 3.0 5.0
A 985892 539727 3.5 5.0 3.5
A 449703 299685 4.0 3.5 5.0
A 982132 110402 3.5 3.5 4.0
A 308256 406652 3.0 5.0 5.0
A 466668 479701 2.0 4.5 2.0
A 517527 427272 3.0 2.0 5.0
A 743632 527102 4.5 4.5 2.0
A 560982 831717 3.5 4.0 3.5
A 352930 958972 4.5 4.5 3.0
A 172109 955585 4.5 4.5 4.5
A 590669 834943 4.5 4.0 3.5
A 150302 874515 4.5 4.0 3.0
A 217624 356882 3.0 2.0 3.0
A 195237 434073 4.5 5.0 3.5
A 469210 500357 4.5 3.5 4.0
A 256829 681031 4.5 5.0 3.5
A 637260 790005 2.0 4.0 3.5
A 544980 295499 4.5 3.5 5.0
A 015992 146113 2.0 3.5 2.0
A 555386 748964 4.5 4.0 4.5
A 987500 932716 4.0 3.5 4.5
A 943317 783299 3.0 5.0 4.5
A 827544 465013 2.0 4.0 4.0
A 328596 598185 2.0 4.0 4.5
A 891785 625652 2.0 3.5 3.0
A 353255 210867 5.0 4.5 4.5
A 936167 968776 5.0 2.0 5.0
A 388487 709143 4.5 4.0 4.0
A 098575 475794 2.0 5.0 4.5
A 321223 986861 3.0 3.0 3.5
A 313511 262865 3.0 5.0 3.0
A 101421 226633 2.0 4.5 2.0
A 918603 653127 4.5 3.0 3.0
A 778966 911482 4.5 3.0 2.0
A 621980 949754 2.0 3.0 3.5
A 974717 687454 4.0 2.0 5.0
A 796865 328331 2.0 3.5 5.0
A 228737 797466 3.5 3.5 3.5
A 253703 226453 4.5 3.0 4.5
A 357912 205182 4.0 2.0 4.0
A 848489 346629 2.0 3.5 3.0
A 261290 647373 4.5 5.0 4.5
A 231616 315647 3.5 4.5 4.5
A 033041 494262 5.0 3.5 4.0
A 780900 514979 3.0 5.0 3.5
A 560109 364819 4.0 3.5 3.0
A 974568 120913 3.0 4.5 3.5
A 486557 910686 4.0 4.5 4.0
A 675834 192198 4.5 3.5 2.0
A 120021 329905 4.0 3.0 3.5
A 682073 116973 4.0 2.0 3.5
A 519422 458864 3.0 5.0 3.5
A 173672 106730 4.5 4.5 4.5
A 002692 906700 2.0 3.0 3.0
A 273471 812966 2.0 3.0 4.5
A 885392 438954 3.0 3.0 2.0
A 014306 598389 5.0 5.0 3.5
A 518952 395402 2.0 4.5 3.0
A 103206 931937 3.5 2.0 4.0
A 771963 281719 4.0 5.0 2.0
A 981726 948393 3.5 3.0 4.0
A 558316 230219 5.0 4.0 3.5
A 790573 734876 4.0 3.0 2.0
A 549212 998355 2.0 3.0 2.0
A 325013 488771 5.0 4.0 4.5
A 319272 511342 5.0 4.0 4.5
A 502082 655292 5.0 3.0 3.0
A 316021 403123 3.5 3.5 2.0
A 649909 623158 2.0 5.0 4.0
A 699686 548846 4.5 2.0 3.0
A 251282 128601 2.0 3.5 4.5
A 939592 390992 4.5 4.5 5.0
A 558625 932150 3.5 5.0 5.0
A 253085 446596 4.5 4.0 3.0
A 314975 321123 3.5 3.5 3.0
A 451235 704311 3.0 4.0 3.0
A 703884 251050 3.0 4.0 4.0
A 701611 290341 3.5 4.0 4.0
A 703056 819130 3.5 5.0 5.0
A 446121 706419 3.0 4.5 4.0
A 935633 269933 2.0 5.0 4.0
A 595477 387347 5.0 4.5 5.0
A 556533 490044 3.5 4.5 3.0
A 801219 466592 3.5 3.0 2.0
A 904814 966395 5.0 2.0 5.0
A 383330 370359 4.0 5.0 5.0
A 841933 859738 5.0 3.5 5.0
A 161336 261647 2.0 4.0 2.0
A 317365 290999 2.0 3.0 4.0
A 274830 415087 2.0 4.5 5.0
A 371087 862511 4.0 2.0 3.0
A 365513 661041 2.0 2.0 3.5
A 078441 868856 4.0 4.0 4.0
A 985696 244003 4.5 4.5 3.0
A 476215 446977 3.0 4.0 3.0
A 067811 470525 2.0 3.5 4.5
A 907344 924222 2.0 3.5 2.0
A 753481 601220 2.0 4.0 5.0
A 929412 222580 3.5 2.0 3.5
A 012414 238915 2.0 4.0 4.0
A 691695 533650 5.0 3.5 4.5
A 877202 616442 3.0 4.0 3.5
A 218931 137360 4.0 2.0 3.0
A 872683 593503 4.5 2.0 3.0
A 192760 472759 2.0 4.5 3.5
A 717027 240922 3.0 3.5 2.0
A 342064 189132 3.5 3.5 4.0
A 119903 400469 4.0 3.0 3.0
A 398404 602758 3.5 3.0 4.0
A 941943 659096 5.0 5.0 5.0
A 238085 284006 3.0 5.0 4.0
A 388495 609588 3.0 3.0 4.5
A 415630 438823 5.0 4.0 3.5
A 709391 318633 3.0 4.0 3.0
A 733423 848387 4.5 4.0 4.0
A 352234 356783 3.0 5.0 3.0
A 483470 659684 4.5 3.0 4.0
A 432887 980861 4.0 3.0 3.5
A 516024 120621 3.0 5.0 4.0
A 093012 281322 4.0 3.0 5.0
A 073921 925803 2.0 3.0 4.5
A 867850 316123 3.0 4.0 3.0
A 338596 388684 3.5 4.5 4.5
A 858888 450068 4.5 5.0 3.5
A 847023 619363 3.0 2.0 4.5
A 231992 250903 3.0 2.0 4.5
A 972211 899301 4.5 3.5 3.5
A 734092 683612 3.5 4.0 4.5
A 169319 781276 4.5 3.0 4.5
A 918290 754225 4.0 3.0 4.5
A 880798 625950 3.5 4.5 4.5
A 445817 708868 3.0 5.0 4.0
A 965859 178620 2.0 4.5 5.0
A 634451 615080 3.0 3.0 3.5
A 141586 691200 3.5 2.0 2.0
A 292066 631415 4.5 5.0 4.5
A 925257 395807 5.0 4.0 3.0
A 636588 283609 5.0 3.5 4.0
A 888073 371135 4.0 2.0 2.0
A 879090 781362 3.0 4.0 5.0
A 413342 989644 3.0 3.0 4.5
A 153082 883196 4.0 5.0 4.0
A 215302 196176 4.5 3.0 3.5
A 825990 279865 5.0 4.5 5.0
A 895648 982795 4.5 5.0 3.0
A 848883 634594 3.5 3.5 5.0
A 179386 624690 4.0 3.5 4.0
A 868202 729668 2.0 4.5 3.5
A 052044 179213 4.0 2.0 4.5
A 243402 722954 3.0 3.5 3.5
A 431636 514934 4.0 3.0 3.0
A 186694 269020 5.0 2.0 2.0
A 396372 736240 4.5 2.0 5.0
A 629758 305525 3.0 2.0 2.0
A 590614 926967 3.5 3.5 4.5
A 837856 951194 3.5 2.0 4.5
A 198690 698308 5.0 3.0 4.5
A 073547 434903 2.0 5.0 2.0
A 071634 920483 4.0 4.0 3.5
A 894276 556468 4.0 4.5 2.0
A 535503 547283 4.0 3.5 3.5
A 981884 796383 4.5 2.0 4.0
A 864974 685643 4.0 3.0 4.0
A 754045 544249 4.5 4.5 3.0
A 506860 387965 5.0 2.0 2.0
A 316074 156398 3.5 4.0 2.0
A 261934 744936 4.5 4.0 4.5
A 726707 239954 4.5 5.0 5.0
A 139000 589956 3.0 4.0 5.0
A 478283 548433 3.0 3.0 2.0
A 197327 921573 2.0 4.5 2.0
A 545917 652252 5.0 3.0 4.0
A 200180 529925 3.5 2.0 3.5
A 900395 132609 2.0 3.0 3.0
A 336612 242782 4.5 3.0 5.0
A 338813 457271 5.0 2.0 5.0
A 813444 862228 4.0 3.0 2.0
A 079617 524118 4.5 3.5 3.0
A 108761 127192 5.0 4.5 3.5
A 866162 487599 3.5 5.0 5.0
A 152484 124454 5.0 4.0 4.0
A 021185 151272 2.0 4.0 5.0
A 959963 714555 2.0 3.0 3.5
A 872598 836652 4.0 5.0 3.0
A 172931 415630 3.0 5.0 2.0
A 678080 348252 3.5 5.0 4.5
A 361215 921162 4.0 3.5 4.5
A 389347 808147 3.5 5.0 4.0
A 633195 568534 5.0 3.5 4.0
A 674166 499451 4.5 4.0 3.5
A 795961 759487 3.5 3.0 3.5
A 064480 386063 5.0 4.5 2.0
A 513699 927747 4.5 5.0 3.5
A 030793 989317 4.5 4.5 2.0
A 934290 348135 3.5 4.0 3.5
A 204131 398863 2.0 5.0 3.5
A 620893 901658 3.0 5.0 4.0
A 593121 240448 2.0 4.5 4.5
A 891623 630354 3.5 3.5 3.5
A 285403 182719 3.0 3.0 4.0
A 154279 644604 2.0 4.0 5.0
A 409238 565912 2.0 2.0 2.0
A 958492 483789 5.0 5.0 2.0
A 024904 154838 3.0 5.0 3.0
A 239171 585383 4.0 5.0 3.0
A 363766 873188 3.5 4.0 2.0
A 798086 497932 4.0 3.5 4.0
A 644574 425239 3.5 4.5 2.0
A 156418 280219 4.5 5.0 4.5
A 689969 722051 4.0 3.0 3.0
A 644500 185587 4.5 2.0 4.5
A 250529 893364 3.5 2.0 4.0
A 922791 808176 4.0 2.0 4.5
A 889155 338591 4.5 5.0 4.0
A 234713 995280 3.5 4.5 4.0
A 129226 499868 4.0 5.0 2.0
A 197629 352629 3.0 3.5 2.0
A 161412 853692 4.0 4.5 4.5
A 891033 753936 3.5 2.0 4.0
A 544855 650095 3.0 5.0 2.0
A 367872 334570 2.0 4.0 4.5
A 887317 633410 3.5 5.0 4.5
A 416169 165769 3.0 4.5 4.5
A 751586 560360 4.0 3.5 3.0
A 415448 564435 3.0 4.0 4.0
A 616581 209499 4.0 5.0 5.0
A 450024 863971 3.5 3.5 3.5
A 688384 167642 3.0 3.0 3.0
A 531078 142812 4.0 2.0 4.5
A 507939 328126 5.0 4.0 4.5
A 085162 972505 5.0 2.0 4.5
A 891233 545934 2.0 4.5 2.0
A 325025 156524 2.0 2.0 3.5
A 161551 477913 3.5 2.0 3.5
A 469756 671441 2.0 4.5 4.0
A 147304 983061 5.0 2.0 3.0
A 021763 615953 4.0 3.5 4.0
A 773137 822691 4.5 4.5 4.5
A 159322 215561 3.5 4.5 3.5
A 306825 511647 3.5 3.0 4.5
A 541019 983595 5.0 5.0 4.0
A 475807 194143 4.0 3.0 3.5
A 241843 315124 2.0 5.0 2.0
A 189657 470479 4.5 5.0 4.5
A 205010 549352 4.0 5.0 4.5
A 700680 827654 2.0 4.0 3.0
A 270496 906873 3.0 3.5 4.5
A 892892 898532 5.0 4.5 3.5
A 205122 551049 3.0 3.5 4.5
A 619305 836498 5.0 4.5 5.0
A 138117 722807 4.0 3.0 5.0
A 801145 386608 5.0 2.0 3.5
A 032484 437629 4.0 4.0 4.5
A 836575 121864 2.0 3.0 4.5
A 449712 359790 3.0 3.5 4.0
A 634300 324868 3.0 5.0 4.5
A 464581 294240 2.0 4.0 2.0
A 957457 645755 3.5 3.0 4.0
A 196134 562904 3.5 3.0 4.5
A 727969 722422 3.0 5.0 4.0
A 889802 959709 3.0 2.0 5.0
A 082599 120410 3.0 3.0 3.0
A 574967 880550 2.0 5.0 4.0
A 535156 101478 2.0 4.0 3.0
A 649230 340560 3.0 2.0 4.5
A 104413 283525 3.0 2.0 4.5
A 016901 453676 4.5 2.0 5.0
A 627109 555323 3.5 3.0 5.0
A 194902 972444 4.0 3.5 3.5
A 623013 299085 5.0 5.0 4.5
A 028669 284775 5.0 2.0 4.5
A 285511 987903 4.5 4.5 3.5
A 347721 944477 5.0 3.5 4.5
A 579710 818423 4.5 2.0 4.5
A 266645 420098 4.5 3.0 3.0
A 259562 256567 3.5 3.0 4.5
A 568695 876002 4.0 3.5 2.0
A 677802 356827 4.5 4.0 4.5
A 273761 508917 5.0 5.0 3.0
A 488061 705842 4.0 2.0 4.5
A 352779 493184 4.5 3.0 3.5
A 990853 712818 3.5 3.5 3.0
A 559134 214660 3.5 4.0 4.0
A 392593 598829 5.0 5.0 2.0
A 295870 485221 5.0 5.0 5.0
A 066526 464065 3.0 3.5 2.0
A 690625 306247 2.0 5.0 4.5
A 827733 199461 3.0 3.0 2.0
A 045952 838217 3.5 3.0 3.5
A 702910 400850 3.0 5.0 4.0
A 107265 506376 2.0 3.5 5.0
A 359180 773250 2.0 3.5 5.0
A 739127 768796 3.0 5.0 4.5
A 271014 607398 2.0 2.0 2.0
A 976221 453621 4.0 3.0 4.5
A 218233 569893 4.5 3.5 4.5
A 088967 199816 2.0 4.5 4.5
A 726636 907258 4.0 3.0 5.0
A 231331 851673 3.0 3.5 4.0
A 959138 700130 3.5 3.5 2.0
A 521658 542674 4.0 3.0 2.0
A 423364 835976 4.5 3.5 4.0
A 541332 655346 5.0 2.0 3.5
A 339854 837484 5.0 3.5 3.0
A 908049 428319 3.0 4.0 3.0
A 067770 973101 3.5 3.5 3.5
A 901267 283208 3.0 4.0 4.0
A 575908 136585 3.0 3.5 4.5
A 927349 892098 4.0 5.0 3.5
A 294084 556582 3.5 4.0 3.5
A 089257 649645 3.5 3.5 4.0
A 975647 667969 4.0 5.0 2.0
A 603016 772059 4.0 3.0 3.0
A 622993 311086 4.0 5.0 5.0
A 489683 459590 5.0 3.5 4.0
A 088079 459760 3.0 2.0 3.5
A 459799 399136 4.0 3.0 5.0
A 749757 870780 2.0 3.0 4.5
A 849039 424297 4.5 3.5 4.0
A 397731 904492 5.0 5.0 2.0
A 301104 560696 2.0 4.5 4.5
A 317022 133734 3.5 2.0 3.0
A 043358 777033 4.0 4.5 3.5
A 823557 751626 3.5 4.0 5.0
A 507967 993118 3.5 5.0 5.0
A 881836 730941 4.0 5.0 3.5
A 567477 614366 3.5 3.5 4.0
A 648557 901309 4.5 3.0 4.0
A 130979 472972 3.0 2.0 2.0
A 013792 272365 4.0 2.0 4.5
A 331873 593077 2.0 2.0 2.0
A 147193 102164 4.5 5.0 3.0
A 682346 264167 5.0 3.0 4.5
A 178606 100826 3.0 3.0 4.5
A 966738 373218 4.0 4.0 3.0
A 773722 280094 4.0 4.0 4.5
A 736297 937164 5.0 3.5 3.0
A 104331 505838 3.5 2.0 3.0
A 926973 135159 4.0 4.0 5.0
A 824726 153785 3.5 3.5 3.5
A 162692 419109 2.0 4.5 3.5
A 257653 310300 4.5 3.5 3.0
A 689773 837811 4.5 3.5 4.0
A 821380 634056 4.0 2.0 3.5
A 186795 993694 3.0 3.5 3.5
A 144966 335199 3.0 4.5 5.0
A 364199 449728 3.0 3.5 5.0
A 349908 295792 4.5 4.5 4.5
A 564001 566873 3.5 3.0 4.0
A 140393 332973 4.5 3.5 3.5
A 053109 368446 2.0 3.0 3.5
A 024339 897214 4.0 2.0 2.0
A 648850 488554 5.0 3.5 4.5
A 445036 409694 4.5 4.5 2.0
A 335360 519834 3.5 4.5 4.0
A 127681 171750 4.5 5.0 4.0
A 574333 955909 3.5 3.5 2.0
A 228843 352500 3.0 4.0 4.0
A 908999 791540 4.0 5.0 3.0
A 767401 852386 5.0 4.5 5.0
A 895767 398197 3.5 3.0 4.0
A 848338 542925 2.0 4.5 3.0
A 870942 879390 3.0 2.0 3.5
A 331037 932144 3.0 3.0 3.5
A 009446 485317 4.5 4.0 5.0
A 712317 612497 4.0 3.0 3.5
A 937858 493842 5.0 2.0 4.5
A 239227 198611 3.0 5.0 5.0
A 773939 119389 5.0 3.5 4.5
A 062603 319149 4.5 3.5 4.5
A 727386 295854 3.5 5.0 3.5
A 476814 232838 3.0 4.5 2.0
A 904506 957635 4.5 4.0 5.0
A 287558 146298 2.0 4.5 5.0
A 769203 168409 4.5 4.0 4.0
A 095361 753328 4.5 5.0 4.0
A 260616 201320 5.0 3.0 3.0
A 209770 598967 5.0 3.0 3.5
A 091414 134189 3.0 3.5 4.0
A 538338 152885 4.0 4.5 4.5
A 907950 901138 3.5 3.0 4.0
A 363003 959506 4.0 3.5 4.0
A 884651 531262 4.0 5.0 4.5
A 000706 598549 5.0 3.0 3.0
A 599338 154111 4.0 4.0 2.0
A 717369 257797 3.5 4.5 3.5
A 550428 680690 3.0 3.5 4.0
A 304377 982493 2.0 4.5 2.0
A 521066 336109 4.0 4.0 2.0
A 688819 691706 3.0 5.0 4.5
A 432151 897575 4.5 3.0 4.5
A 906404 763702 5.0 3.5 5.0
A 388229 394758 2.0 3.0 4.5
A 877188 306231 3.5 2.0 3.5
A 353804 975141 3.0 4.5 3.5
A 910784 237910 3.5 2.0 4.5
A 608370 925085 5.0 5.0 4.5
A 356382 605968 3.0 2.0 2.0
A 044039 860285 4.0 2.0 3.5
A 341830 791987 4.0 3.0 2.0
A 075166 216007 4.0 3.5 5.0
A 781535 439441 3.0 3.5 3.5
A 042477 228682 2.0 2.0 4.0
A 823622 864480 2.0 3.5 4.5
A 913964 654128 5.0 2.0 5.0
A 759211 894580 4.5 2.0 2.0
A 647588 119231 5.0 4.0 5.0
A 861270 355663 3.0 2.0 5.0
A 773304 438648 3.5 4.0 5.0
A 983071 649869 3.5 3.0 4.5
A 359832 444798 3.0 4.0 3.0
A 376050 868272 5.0 4.0 4.0
A 908778 583986 4.0 5.0 4.5
A 175338 212921 4.5 5.0 5.0
A 619231 529526 3.5 3.0 3.0
A 981387 932194 3.0 5.0 2.0
A 195506 548259 3.5 4.5 3.5
A 261953 797484 4.0 4.5 2.0
A 479496 728393 4.5 4.5 5.0
A 763604 241968 5.0 5.0 5.0
A 699212 490013 5.0 3.5 5.0
A 325442 333544 3.5 3.5 2.0
A 630797 701253 3.5 5.0 4.5
A 024919 281779 2.0 4.5 2.0
A 707332 970281 3.0 3.0 3.0
A 879282 912279 3.0 4.0 3.0
A 274438 727304 5.0 2.0 5.0
A 390242 290730 2.0 2.0 2.0
A 802641 448122 5.0 3.0 4.5
A 394641 756588 2.0 3.5 4.5
A 214999 352713 4.0 3.5 4.5
A 634380 269893 4.5 3.0 3.0
A 413663 180016 5.0 3.0 4.0
A 649219 865766 5.0 4.5 5.0
A 068860 379526 4.0 3.5 5.0
A 333572 379858 5.0 4.0 3.5
A 446046 122474 3.0 3.0 3.5
A 167901 672099 3.5 3.5 4.0
A 859617 957733 3.5 3.5 5.0
A 397927 757310 3.0 3.5 5.0
A 136612 580334 4.0 2.0 3.0
A 571200 739424 4.5 3.5 4.0
A 678665 878608 3.0 4.0 3.5
A 624203 924059 3.5 3.5 3.0
A 592592 810290 5.0 5.0 5.0
A 199805 525170 4.0 5.0 3.0
A 914520 977093 5.0 3.5 2.0
A 931739 153755 2.0 3.0 2.0
A 561126 231434 3.0 5.0 5.0
A 159905 971233 4.5 3.5 3.5
A 548706 992685 3.0 3.5 4.0
A 212604 892255 3.5 2.0 4.0
A 761711 460976 2.0 4.5 5.0
A 126652 227558 4.5 3.5 2.0
A 137563 810211 3.0 3.5 5.0
A 419118 549904 5.0 2.0 3.5
A 487746 982199 3.5 4.5 2.0
A 157898 825214 3.5 3.0 3.5
A 279463 405369 2.0 5.0 4.0
A 798205 573645 2.0 2.0 4.5
A 002916 643130 3.5 3.0 2.0
A 976721 174820 3.0 2.0 4.0
A 551133 741085 2.0 4.0 5.0
A 361209 156379 4.5 4.0 3.5
A 249260 691081 3.0 3.0 3.0
A 496820 460216 2.0 2.0 4.0
A 297880 970573 2.0 3.0 4.5
A 047241 158256 2.0 3.5 3.0
A 482101 926826 3.5 5.0 3.5
A 274075 784053 4.0 4.0 2.0
A 425211 411372 5.0 5.0 3.5
A 151699 544900 3.0 4.5 2.0
A 845263 280415 2.0 2.0 3.5
A 722423 382833 4.5 3.5 5.0
A 609138 656761 2.0 5.0 3.5
A 466908 198881 3.0 4.5 4.0
A 949647 288082 3.0 5.0 5.0
A 050875 447840 4.5 3.5 5.0
A 380823 176850 4.5 3.0 3.5
A 486038 456218 3.0 4.0 3.5
A 304499 189114 4.0 5.0 3.0
A 958792 535115 4.5 3.5 2.0
A 099179 280522 2.0 4.5 4.0
A 411678 473693 4.0 3.0 5.0
A 667281 451520 3.0 2.0 4.0
A 389579 350339 2.0 4.0 3.0
A 414438 537402 4.0 5.0 5.0
A 798705 214285 3.0 3.0 4.0
A 527727 472169 4.0 4.5 2.0
A 917166 988962 3.0 2.0 5.0
A 666780 884888 4.5 3.0 4.5
A 471241 272484 5.0 4.5 5.0
A 423920 369320 2.0 5.0 3.0
A 571063 899088 4.0 4.0 4.0
A 202639 951923 3.0 2.0 4.5
A 761218 591181 2.0 4.0 4.5
A 546763 712098 3.5 5.0 2.0
A 554929 411088 2.0 4.5 2.0
A 065995 349701 3.0 4.0 2.0
A 855954 467259 4.5 4.5 3.0
A 136338 196346 3.0 3.0 3.5
A 806228 672944 3.0 3.5 2.0
A 484234 265773 3.5 2.0 5.0
A 448755 874573 5.0 2.0 2.0
A 029392 865356 3.5 5.0 4.0
A 220308 192763 4.5 5.0 3.0
A 018102 923293 3.5 4.5 3.0
A 397789 444777 5.0 2.0 4.5
A 889768 178561 4.0 5.0 4.0
D 816450
D 725577
D 186669
D 813636
D 326080
D 522793
D 131943
D 117113
D 409404
D 779649
D 259786
D 898112
D 112341
D 837287
D 202210
D 789915
D 932816
D 430028
D 197967
D 045897
D 551853
D 462918
D 562979
D 907804
D 484959
D 653202
D 520633
D 471647
D 707665
D 102038
D 031656
D 994221
D 153039
D 177064
D 482976
D 344131
D 969096
D 277181
D 197107
D 424895
D 032385
D 213199
D 170951
D 867742
D 867637
D 551362
D 735374
D 127504
D 307292
D 193516
D 898948
D 900485
D 609125
D 166662
D 826527
D 944112
D 283277
D 684037
D 348846
D 207009
D 189353
D 101611
D 725494
D 751816
D 048469
D 500890
D 970771
D 570996
D 904172
D 786068
D 199725
D 330263
D 084801
D 796304
D 771353
D 202878
D 260429
D 762482
D 855549
D 277619
D 643898
D 096881
D 170516
D 833675
D 827463
D 752574
D 340710
D 121486
D 781925
D 591166
D 985910
D 826041
D 474486
D 079814
D 069894
D 595218
D 675251
D 238911
D 969141
D 982286
D 383116
D 433691
D 153236
D 809040
D 575519
D 333694
D 625415
D 038410
D 239906
D 101322
D 284613
D 485102
D 458187
D 675994
D 083757
D 518869
D 231712
D 218576
D 026794
D 782801
D 908646
D 613829
D 188889
D 369961
D 689743
D 204223
D 342267
D 024404
D 670746
D 738302
D 504808
D 213727
D 307100
D 867105
D 552893
D 532651
D 354437
D 051181
D 704683
D 543570
D 527063
D 172188
D 314853
D 399494
D 737517
D 305285
D 016009
D 018235
D 663353
D 308187
D 473120
D 122725
D 826185
D 064164
D 861102
D 958194
D 071454
D 996808
D 983929
D 919174
D 748145
D 241861
D 857183
D 617410
D 314739
D 081227
D 329202
D 703942
D 780651
D 051565
D 581654
D 994319
D 933459
D 677367
D 384009
D 825728
D 852154
D 387428
D 172604
D 650295
D 265154
D 780201
D 544800
D 804659
D 895934
D 267505
D 253065
D 690442
D 586156
D 904692
D 539237
D 656949
D 374470
D 183765
D 746765
D 822950
D 425583
D 571532
D 621002
D 095200
D 133322
D 121551
D 836949
D 288766
D 672960
D 588329
D 327182
D 146925
D 550997
D 064921
D 370963
D 692930
D 625516
D 497339
D 934107
D 926911
D 083826
D 922194
D 064271
D 585444
D 098567
D 124664
D 628101
D 846348
D 381022
D 373527
D 845019
D 274522
D 344401
D 041838
D 974891
D 320477
D 592095
D 005822
D 008149
D 595696
D 270876
D 286372
D 087949
D 123569
D 677222
D 938327
D 503533
D 294739
D 040292
D 712402
D 197195
D 327446
D 218608
D 742976
D 925304
D 468884
D 973455
D 067068
D 132424
D 175737
D 181949
D 266353
D 063011
D 667506
D 523312
D 530457
D 061137
D 096089
D 919243
D 993395
D 604442
D 746478
D 539636
D 903157
D 718912
D 764635
D 922260
D 005574
D 687405
D 168670
D 821064
D 618081
D 084942
D 017501
D 535909
D 379228
D 852187
D 936357
D 227683
D 829589
D 682578
D 408718
D 902692
D 295606
D 922306
D 093454
D 136806
D 139582
D 451943
D 426219
D 009388
D 178657
D 297120
D 077486
D 624493
D 009938
D 743285
D 645367
D 685743
D 336130
D 952460
D 539544
D 791985
D 152539
D 571283
D 659756
D 989771
D 444652
D 891257
D 328766
D 097486
D 775341
D 352909
D 127442
D 136932
D 022731
D 040010
D 169537
D 581789
D 979073
D 337277
D 314167
D 930511
D 471119
D 705467
D 246002
D 208461
D 056953
D 124776
D 471277
D 687909
D 450988
D 523922
D 967745
D 335198
D 904499
D 361735
D 568514
D 619929
D 417747
D 713527
D 631742
D 759932
D 116298
D 274613
D 435274
D 484391
D 120155
D 769306
D 126388
D 617543
D 385790
D 136198
D 115101
D 758481
D 239073
D 017493
D 984146
D 444371
D 335248
D 607335
D 119166
D 141807
D 317273
D 170314
D 514034
D 312665
D 415621
D 181239
D 785529
D 894181
D 962765
D 669265
D 857544
D 222853
D 207272
D 677612
D 807023
D 395324
D 393859
D 868144
D 953933
D 103214
D 960335
D 288607
D 084065
D 326009
D 354490
D 490829
D 011649
D 176300
D 957180
D 024022
D 666408
D 648078
D 362963
D 905056
D 892525
D 851188
D 207930
D 146546
D 308375
D 924332
D 147867
D 286594
D 474772
D 754616
D 850346
D 359423
D 774144
D 249795
D 361409
D 081275
D 200954
D 167189
D 227253
D 126624
D 610714
D 377772
D 109597
D 473045
D 412643
D 987120
D 583892
D 997509
D 140159
D 466647
D 519283
D 027626
D 205507
D 038080
D 684785
D 126212
D 054524
D 073878
D 001033
D 477767
D 853342
D 799106
D 924606
D 419761
D 634874
D 357148
D 204462
D 734100
D 650304
D 307120
D 080342
D 447337
D 483304
D 780642
D 493224
D 645185
D 585324
D 458686
D 542999
D 933275
D 437381
D 205220
D 912179
D 616490
D 705760
D 884998
D 598788
D 888494
D 563503
D 598420
D 815837
D 140659
D 153277
D 772813
D 601106
D 252426
D 793904
D 058680
D 783015
D 720426
D 471863
D 679980
D 178660
D 500409
D 401121
D 149929
D 710276
D 445984
D 985892
D 449703
D 982132
D 308256
D 466668
D 517527
D 743632
D 560982
D 352930
D 172109
D 590669
D 150302
D 217624
D 195237
D 469210
D 256829
D 637260
D 544980
D 015992
D 555386
D 987500
D 943317
D 827544
D 328596
D 891785
D 353255
D 936167
D 388487
D 098575
D 321223
D 313511
D 101421
D 918603
D 778966
D 621980
D 974717
D 796865
D 228737
D 253703
D 357912
D 848489
D 261290
D 231616
D 033041
D 780900
D 560109
D 974568
D 486557
D 675834
D 120021
D 682073
D 519422
D 173672
D 002692
D 273471
D 885392
D 014306
D 518952
D 103206
D 771963
D 981726
D 558316
D 790573
D 549212
D 325013
D 319272
D 502082
D 316021
D 649909
D 699686
D 251282
D 939592
D 558625
D 253085
D 314975
D 451235
D 703884
D 701611
D 703056
D 446121
D 935633
D 595477
D 556533
D 801219
D 904814
D 383330
D 841933
D 161336
D 317365
D 274830
D 371087
D 365513
D 078441
D 985696
D 476215
D 067811
D 907344
D 753481
D 929412
D 012414
D 691695
D 877202
D 218931
D 872683
D 192760
D 717027
D 342064
D 119903
D 398404
D 941943
D 238085
D 388495
D 415630
D 709391
D 733423
D 352234
D 483470
D 432887
D 516024
D 093012
D 073921
D 867850
D 338596
D 858888
D 847023
D 231992
D 972211
D 734092
D 169319
D 918290
D 880798
D 445817
D 965859
D 634451
D 141586
D 292066
D 925257
D 636588
D 888073
D 879090
D 413342
D 153082
D 215302
D 825990
D 895648
D 848883
D 179386
D 868202
D 052044
D 243402
D 431636
D 186694
D 396372
D 629758
D 590614
D 837856
D 198690
D 073547
D 071634
D 894276
D 535503
D 981884
D 864974
D 754045
D 506860
D 316074
D 261934
D 726707
D 139000
D 478283
D 197327
D 545917
D 200180
D 900395
D 336612
D 338813
D 813444
D 079617
D 108761
D 866162
D 152484
D 021185
D 959963
D 872598
D 172931
D 678080
D 361215
D 389347
D 633195
D 674166
D 795961
D 064480
D 513699
D 030793
D 934290
D 204131
D 620893
D 593121
D 891623
D 285403
D 154279
D 409238
D 958492
D 024904
D 239171
D 363766
D 798086
D 644574
D 156418
D 689969
D 644500
D 250529
D 922791
D 889155
D 234713
D 129226
D 197629
D 161412
D 891033
D 544855
D 367872
D 887317
D 416169
D 751586
D 415448
D 616581
D 450024
D 688384
D 531078
D 507939
D 085162
D 891233
D 325025
D 161551
D 469756
D 147304
D 021763
D 773137
D 159322
D 306825
D 541019
D 475807
D 241843
D 189657
D 205010
D 700680
D 270496
D 892892
D 205122
D 619305
D 138117
D 801145
D 032484
D 836575
D 449712
D 634300
D 464581
D 957457
D 196134
D 727969
D 889802
D 082599
D 574967
D 535156
D 649230
D 104413
D 016901
D 627109
D 194902
D 623013
D 028669
D 285511
D 347721
D 579710
D 266645
D 259562
D 568695
D 677802
D 273761
D 488061
D 352779
D 990853
D 559134
D 392593
D 295870
D 066526
D 690625
D 827733
D 045952
D 702910
D 107265
D 359180
D 739127
D 271014
D 976221
D 218233
D 088967
D 726636
D 231331
D 959138
D 521658
D 423364
D 541332
D 339854
D 908049
D 067770
D 901267
D 575908
D 927349
D 294084
D 089257
D 975647
D 603016
D 622993
D 489683
D 088079
D 459799
D 749757
D 849039
D 397731
D 301104
D 317022
D 043358
D 823557
D 507967
D 881836
D 567477
D 648557
D 130979
D 013792
D 331873
D 147193
D 682346
D 178606
D 966738
D 773722
D 736297
D 104331
D 926973
D 824726
D 162692
D 257653
D 689773
D 821380
D 186795
D 144966
D 364199
D 349908
D 564001
D 140393
D 053109
D 024339
D 648850
D 445036
D 335360
D 127681
D 574333
D 228843
D 908999
D 767401
D 895767
D 848338
D 870942
D 331037
D 009446
D 712317
D 937858
D 239227
D 773939
D 062603
D 727386
D 476814
D 904506
D 287558
D 769203
D 095361
D 260616
D 209770
D 091414
D 538338
D 907950
D 363003
D 884651
D 000706
D 599338
D 717369
D 550428
D 304377
D 521066
D 688819
D 432151
D 906404
D 388229
D 877188
D 353804
D 910784
D 608370
D 356382
D 044039
D 341830
D 075166
D 781535
D 042477
D 823622
D 913964
D 759211
D 647588
D 861270
D 773304
D 983071
D 359832
D 376050
D 908778
D 175338
D 619231
D 981387
D 195506
D 261953
D 479496
D 763604
D 699212
D 325442
D 630797
D 024919
D 707332
D 879282
D 274438
D 390242
D 802641
D 394641
D 214999
D 634380
D 413663
D 649219
D 068860
D 333572
D 446046
D 167901
D 859617
D 397927
D 136612
D 571200
D 678665
D 624203
D 592592
D 199805
D 914520
D 931739
D 561126
D 159905
D 548706
D 212604
D 761711
D 126652
D 137563
D 419118
D 487746
D 157898
D 279463
D 798205
D 002916
D 976721
D 551133
D 361209
D 249260
D 496820
D 297880
D 047241
D 482101
D 274075
D 425211
D 151699
D 845263
D 722423
D 609138
D 466908
D 949647
D 050875
D 380823
D 486038
D 304499
D 958792
D 099179
D 411678
D 667281
D 389579
D 414438
D 798705
D 527727
D 917166
D 666780
D 471241
D 423920
D 571063
D 202639
D 761218
D 546763
D 554929
D 065995
D 855954
D 136338
D 806228
D 484234
D 448755
D 029392
D 220308
D 018102
D 397789
D 889768
